Mr051i	0	0	1
EiJA22	1	1	0
WB053i	0	0	0
PY0925	0	0	0
Ce642i	0	0	1
Ei534i	0	0	1
WB037	0	0	0
Ce535i	0	0	1
T42-2	0	0	0
T30-2	0	0	0
Br127-1	0	0	0
Br130-9	0	0	0
Elcan194	0	0	1
WB205	0	0	0
WB032i	0	0	0
P29	1	1	0
Br7	0	0	0
Br127-11	0	0	0
T1-1	0	0	0
Br81	0	0	0
T12-8	0	0	0
T5-3	0	0	0
BR32	0	0	0
Br46	0	0	0
Br130-8	0	0	0
BR118	0	0	0
Br108-1	0	0	0
Br115-7	0	0	0
Br130	0	0	0
Br49	0	0	0
Br3	0	0	0
Br2	0	0	0
T25	0	0	0
Br48	0	0	0
T4-2	0	0	0
P3	0	0	0
B2	0	0	0
Br115-12	0	0	0
BR116	0	0	0
T46-2	0	0	0
Br126-1	0	0	0
T13-3	0	0	0
Br8	0	0	0
T2-1	0	0	0
T50-3	0	0	0
Br80	0	0	0
U234	1	1	0
U235	1	1	0
Ecrus326	0	0	1
As345	0	0	1
Ub368	0	0	1
As347	0	0	1
As321	0	0	1
Br58	0	0	1
As073	0	0	1
Ds555i	0	0	1
P28	0	0	1
AR4	0	0	0
Z2-1	0	0	0
MZ5-1-6	0	0	0
MG12	0	0	0
MG03	0	0	0
MG04	0	0	0
Ei9411	0	0	0
JP29	0	0	0
G22	0	0	0
B51	0	0	0
Br62	0	0	0
MrJA23	1	1	0
U169	1	1	0
U231	1	1	0
U229	1	1	0
CD156	0	0	0
PH42	0	0	0
Ei9604	0	0	0
Ei8927	0	0	0
Ei8303	0	0	0
Ei88365	0	0	0
EiJA56	1	1	0
EiJA178	1	1	0
UbJA92	1	1	0
MrJA49	1	1	0
MG07	0	0	0
pg1213-2	0	0	0
GN0001	0	0	0
U237	1	1	0
Ds363	0	0	1
Pd88413-2	0	0	0
Ec88443	0	0	0
Lc8401	0	0	0
Br35	0	0	0
UbJA112	1	1	0
SSTX16-11	0	0	0
STAG-MS	0	0	0
Pg1054	0	0	0
SSFL14-3	0	0	0
SSFL02-1	0	0	0
U217	1	1	0
U233	1	1	0
Lh88405	0	0	0
FPH-2015-44	0	0	0
U171	1	1	0
U168	1	1	0
Bm88324	0	0	0
Bm8946	0	0	0
Bm8309	0	0	0
CdJA159	1	1	0
BTTrp-5	0	0	0
BTTrp-6	0	0	0
Pr8202	0	0	0
Pr88165	0	0	0
Bd8401	0	0	0
BP1	0	0	0
U232	1	1	0
MG08	0	0	0
MG05	0	0	0
Sv9610	0	0	0
Sv9623	0	0	0
GFSI1-7-2	0	0	0
SA05-43	0	0	0
KANSV1-4-1	0	0	0
YNPM4-1-1	0	0	0
US71	0	0	0
GRF52	0	0	0
Lh8844	0	0	0
Lh8401	0	0	0
P-2	0	0	0
TH3	0	0	0
TH0012-rn	0	0	0
TH0016	0	0	0
Guy11	0	0	0
IB49	0	0	0
PH0014-rn	0	0	0
ML33	0	0	0
U198	1	1	0
U107	1	1	0
Ken53-33	0	0	0
IE1K	0	0	0
IC17	0	0	0
IB33	0	0	0
P131	0	0	0
INA168	0	0	0
Y34	0	0	0
U75	1	4	0
SSID116	0	0	0
IA1	0	0	0
NNPM1-2-1	0	0	0
Cd88217	0	0	0
Cd88215	0	0	0
EtKY19-1	0	0	0
G17	0	0	0
Wk3-1	0	0	0
ATCC64557	0	0	0
PtKY18-1	0	0	0
PL2-1	0	0	0
CHRF	0	0	0
LpKY97	0	0	0
FH	0	0	0
TP2	0	0	0
CHW	0	0	0
HO	0	0	0
GG11	0	0	0
PgKY	0	0	0
PGPA	0	0	0
P25	0	0	0
PY5010	0	0	0
TF15-1	0	0	0
Po221	0	0	0
TF05-1	0	0	0
pg1213-22	0	0	0
WBKY	0	0	0
PL3-1	0	0	0
PY86-1	0	0	0
T3-1	0	0	0
T47-3	0	0	0
Py221	0	0	0
WBSS	0	0	0
Ub012i	0	0	1
Ub009i	0	0	1
PY6045	0	0	0
Ub007i	0	0	1
PY6017	0	0	0
WHTQ	0	0	0
PY5033	0	0	0
PY36	0	0	0
WB127	0	0	0
T21-1	0	0	0
WB169	0	0	0
T37-2	0	0	0
BTGP-6e	0	0	0
BdMeh	0	0	0
BdBar	0	0	0
BTBa-B2	0	0	0
BTGP-1b	0	0	0
BdKus	0	0	0
BTBa-B1	0	0	0
BdJes	0	0	0
BTJP4-1	0	0	0
BdMag	0	0	0
